a 0.6
... 0.00 0.02 1.50 -0.10 0.50 0.85 1.00 1.00
... 0.87 0.52 -0.30 0.10 -0.33 1.35 0.88 0.92

b 0.5
... 0.01 0.00 -0.70 02.00 02.60 0.29 0.02 0.50

c 0.4
... 1.00 0.53 -0.28 0.25 -0.28 1.33 1.00 0.96

d 0.5
... 0.99 0.00 1.70 02.00 -1.60 0.29 0.98 0.50

e 0.5
... 1.00 0.97 -0.42 1.29 -0.10 0.06 0.90 0.45
... 0.90 0.45 1.33 0.77 0.30 0.75 0.00 0.69

f 0.3
... 1.20 0.30 1.25 0.00 0.25 0.00 0.30 0.30
--- 0.30 0.30 0.30 1.00
--- 0.00 0.50 0.60 0.50

g 0.45
... 1.00 0.43 -0.28 0.20 -0.28 1.28 1.00 0.96
--- 1.00 0.43 1.00 1.20
... 1.00 1.20 1.05 1.40 -0.05 1.40 0.00 1.20

h 0.5
--- 0.00 0.00 0.00 1.00
... 0.00 0.65 -0.05 0.40 1.05 0.40 1.00 0.65
--- 1.00 0.65 1.00 1.00

i 0.3
... 0.30 0.25 0.25 0.15 0.45 0.15 0.70 0.25
... 0.30 0.25 0.25 0.35 0.65 0.35 0.70 0.25
--- 0.00 0.50 0.50 0.50
--- 0.50 0.50 0.50 1.00

j 0.3
... 0.30 0.25 0.25 0.15 0.45 0.15 0.70 0.25
... 0.30 0.25 0.25 0.35 0.65 0.35 0.70 0.25
... 0.50 0.50 0.50 1.30 0.50 1.30 0.00 1.35

k 0.4
--- 0.00 0.00 0.00 1.00
--- 1.00 0.30 0.00 0.75
--- 1.00 1.00 0.30 0.65

l 0.2
--- 0.00 0.00 0.50 0.00
... 0.50 0.00 0.50 1.00 0.50 1.00 1.00 1.00

m 0.7
--- 0.00 0.50 0.00 1.00
... 0.00 0.65 0.55 0.30 0.55 0.60 0.50 1.00
... 0.50 0.65 1.05 0.30 1.10 0.60 1.00 1.00

n 0.4
--- 0.00 0.50 0.00 1.00
... 0.00 0.65 1.10 0.30 1.10 0.60 1.00 1.00

o 0.4
... 0.50 0.50 1.20 0.50 1.20 1.00 0.50 1.00
... 0.50 1.00 -0.20 1.00 -0.20 0.50 0.50 0.50

p 0.5
... 0.01 1.40 -0.70 -0.80 02.60 1.28 0.02 0.95

q 0.45
... 0.99 1.40 1.70 -0.80 -1.60 1.28 0.98 0.95
--- 0.60 1.15 1.40 1.15

r 0.37
--- 0.00 0.50 0.00 1.00
... 0.00 0.70 0.33 0.50 0.66 0.50 1.00 0.50

s 0.4
... 1.00 0.50 -0.10 0.40 -0.20 0.80 0.50 0.75
... 0.50 0.75 1.10 0.70 1.45 1.10 0.00 1.00

t 0.3
... 0.50 0.00 0.50 1.00 0.50 1.00 1.00 1.00
--- 0.00 0.45 1.00 0.45

u 0.37
... 0.05 0.50 -0.50 1.20 1.50 1.20 0.95 0.50

v 0.37
... 0.00 0.50 0.05 0.80 0.70 0.95 1.00 1.00
--- 1.00 0.50 1.00 1.00

w 0.45
--- 0.00 0.50 0.25 1.00
--- 0.25 1.00 0.50 0.60
--- 0.50 0.60 0.75 1.00
--- 0.75 1.00 1.00 0.50

x 0.38
--- 0.00 0.50 1.00 1.00
--- 1.00 0.50 0.00 1.00

y 0.4
... 0.05 0.50 0.00 1.00 0.00 1.00 0.90 1.00
... 1.00 0.50 1.00 1.10 0.90 1.30 0.00 1.25

z 0.4
... 0.00 0.51 02.80 0.40 -1.80 1.10 1.00 0.99
--- 0.25 0.75 0.75 0.75

あ 0.7
... 0.67 0.6 0.6 1.23 0.0 0.99 0.0 0.89
... 0.0 0.89 0.0 0.43 1.3 0.5 0.9 0.99
... 0.45 0.0 0.4 0.4 0.5 0.67 0.6 1.0
... 0.2 0.4 0.4 0.4 0.6 0.4 0.8 0.34

